
\begin{eqnarray}
    A_1 &=& 670.560 \cm \nonumber \\
    A_2 &=& 7945.116 \cm \nonumber \\
    A_3 &=& 21612.578 \cm \nonumber \\
    \mu_1 &=& 22.438 \cm \nonumber \\
    \mu_2 &=& 45.242 \cm \nonumber \\
    \mu_3 &=& 95.744 \cm \nonumber \\
    \sigma_1 &=& -0.448 \cm \nonumber \\
    \sigma_2 &=& 4.543 \cm \nonumber \\
    \sigma_3 &=& 6.608 \cm \nonumber \\
    c &=& 826.990 \cm \nonumber \\
    \mathrm{cov}(p_i, p_j) &=& 
    \begin{pmatrix}
        293967.4 &-413.3 &19.7 &28.9 &-0.2 &0.0 &182.9 &0.1 &-0.1 &183.6 \\
        -413.3 &83707.4 &-584.9 &0.3 &-0.4 &-0.2 &-1.7 &-21.7 &0.3 &-119.3 \\
        19.7 &-584.9 &143132.2 &0.0 &0.5 &0.3 &0.1 &0.5 &-18.4 &27.7 \\
        28.9 &0.3 &0.0 &0.2 &0.0 &-0.0 &0.0 &-0.0 &-0.0 &0.1 \\
        -0.2 &-0.4 &0.5 &0.0 &0.0 &0.0 &-0.0 &0.0 &-0.0 &0.0 \\
        0.0 &-0.2 &0.3 &-0.0 &0.0 &0.0 &0.0 &0.0 &-0.0 &0.0 \\
        182.9 &-1.7 &0.1 &0.0 &-0.0 &0.0 &0.2 &0.0 &-0.0 &0.9 \\
        0.1 &-21.7 &0.5 &-0.0 &0.0 &0.0 &0.0 &0.0 &0.0 &-0.5 \\
        -0.1 &0.3 &-18.4 &-0.0 &-0.0 &-0.0 &-0.0 &0.0 &0.0 &-0.3 \\
        183.6 &-119.3 &27.7 &0.1 &0.0 &0.0 &0.9 &-0.5 &-0.3 &467.8 \\
    \end{pmatrix}
\\ \Rightarrow \qquad
    A_1 &=& \left(6.7 \pm 5.4\right) \times 10^{2} \cm\\
    A_2 &=& \left(7.95 \pm 0.29\right) \times 10^{3} \cm\\
    A_3 &=& \left(2.16 \pm 0.04\right) \times 10^{4} \cm\\
    \mu_1 &=& 22.4 \pm 0.4 \cm\\
    \mu_2 &=& 45.24 \pm 0.21 \cm\\
    \mu_3 &=& 95.74 \pm 0.14 \cm\\
    \sigma_1 &=& -0.4 \pm 0.4 \cm\\
    \sigma_2 &=& 4.54 \pm 0.13 \cm\\
    \sigma_3 &=& 6.61 \pm 0.08 \cm\\
    c &=& 827.0 \pm 21.6 \cm
\end{eqnarray}

\begin{eqnarray}
    A_1 &=& 670.560 \cm \nonumber \\
    A_2 &=& 7945.116 \cm \nonumber \\
    A_3 &=& 21612.578 \cm \nonumber \\
    \mu_1 &=& 22.438 \cm \nonumber \\
    \mu_2 &=& 45.242 \cm \nonumber \\
    \mu_3 &=& 95.744 \cm \nonumber \\
    \sigma_1 &=& -0.448 \cm \nonumber \\
    \sigma_2 &=& 4.543 \cm \nonumber \\
    \sigma_3 &=& 6.608 \cm \nonumber \\
    c &=& 826.990 \cm \nonumber \\
    \mathrm{cov}(p_i, p_j) &=& 
    \begin{pmatrix}
        293967.4 &-413.3 &19.7 &28.9 &-0.2 &0.0 &182.9 &0.1 &-0.1 &183.6 \\
        -413.3 &83707.4 &-584.9 &0.3 &-0.4 &-0.2 &-1.7 &-21.7 &0.3 &-119.3 \\
        19.7 &-584.9 &143132.2 &0.0 &0.5 &0.3 &0.1 &0.5 &-18.4 &27.7 \\
        28.9 &0.3 &0.0 &0.2 &0.0 &-0.0 &0.0 &-0.0 &-0.0 &0.1 \\
        -0.2 &-0.4 &0.5 &0.0 &0.0 &0.0 &-0.0 &0.0 &-0.0 &0.0 \\
        0.0 &-0.2 &0.3 &-0.0 &0.0 &0.0 &0.0 &0.0 &-0.0 &0.0 \\
        182.9 &-1.7 &0.1 &0.0 &-0.0 &0.0 &0.2 &0.0 &-0.0 &0.9 \\
        0.1 &-21.7 &0.5 &-0.0 &0.0 &0.0 &0.0 &0.0 &0.0 &-0.5 \\
        -0.1 &0.3 &-18.4 &-0.0 &-0.0 &-0.0 &-0.0 &0.0 &0.0 &-0.3 \\
        183.6 &-119.3 &27.7 &0.1 &0.0 &0.0 &0.9 &-0.5 &-0.3 &467.8 \\
    \end{pmatrix}
\\ \Rightarrow \qquad
    A_1 &=& \left(6.7 \pm 5.4\right) \times 10^{2} \cm\\
    A_2 &=& \left(7.95 \pm 0.29\right) \times 10^{3} \cm\\
    A_3 &=& \left(2.16 \pm 0.04\right) \times 10^{4} \cm\\
    \mu_1 &=& 22.4 \pm 0.4 \cm\\
    \mu_2 &=& 45.24 \pm 0.21 \cm\\
    \mu_3 &=& 95.74 \pm 0.14 \cm\\
    \sigma_1 &=& -0.4 \pm 0.4 \cm\\
    \sigma_2 &=& 4.54 \pm 0.13 \cm\\
    \sigma_3 &=& 6.61 \pm 0.08 \cm\\
    c &=& 827.0 \pm 21.6 \cm
\end{eqnarray}

\begin{eqnarray}
    A_1 &=& 670.560 \cm \nonumber \\
    A_2 &=& 7945.116 \cm \nonumber \\
    A_3 &=& 21612.578 \cm \nonumber \\
    \mu_1 &=& 22.438 \cm \nonumber \\
    \mu_2 &=& 45.242 \cm \nonumber \\
    \mu_3 &=& 95.744 \cm \nonumber \\
    \sigma_1 &=& -0.448 \cm \nonumber \\
    \sigma_2 &=& 4.543 \cm \nonumber \\
    \sigma_3 &=& 6.608 \cm \nonumber \\
    c &=& 826.990 \cm \nonumber \\
    \mathrm{cov}(p_i, p_j) &=& 
    \begin{pmatrix}
        293967.421 &-413.343 &19.652 &28.930 &-0.208 &0.003 &182.883 &0.100 &-0.139 &183.638 \\
        -413.343 &83707.389 &-584.869 &0.261 &-0.378 &-0.170 &-1.740 &-21.749 &0.325 &-119.337 \\
        19.652 &-584.869 &143132.215 &0.002 &0.452 &0.261 &0.087 &0.509 &-18.368 &27.707 \\
        28.930 &0.261 &0.002 &0.153 &0.000 &-0.000 &0.028 &-0.000 &-0.000 &0.150 \\
        -0.208 &-0.378 &0.452 &0.000 &0.044 &0.000 &-0.001 &0.000 &-0.000 &0.004 \\
        0.003 &-0.170 &0.261 &-0.000 &0.000 &0.019 &0.000 &0.000 &-0.000 &0.001 \\
        182.883 &-1.740 &0.087 &0.028 &-0.001 &0.000 &0.184 &0.000 &-0.001 &0.859 \\
        0.100 &-21.749 &0.509 &-0.000 &0.000 &0.000 &0.000 &0.016 &0.000 &-0.544 \\
        -0.139 &0.325 &-18.368 &-0.000 &-0.000 &-0.000 &-0.001 &0.000 &0.007 &-0.346 \\
        183.638 &-119.337 &27.707 &0.150 &0.004 &0.001 &0.859 &-0.544 &-0.346 &467.764 \\
    \end{pmatrix}
\\ \Rightarrow \qquad
    A_1 &=& \left(6.7 \pm 5.4\right) \times 10^{2} \cm\\
    A_2 &=& \left(7.95 \pm 0.29\right) \times 10^{3} \cm\\
    A_3 &=& \left(2.16 \pm 0.04\right) \times 10^{4} \cm\\
    \mu_1 &=& 22.4 \pm 0.4 \cm\\
    \mu_2 &=& 45.24 \pm 0.21 \cm\\
    \mu_3 &=& 95.74 \pm 0.14 \cm\\
    \sigma_1 &=& -0.4 \pm 0.4 \cm\\
    \sigma_2 &=& 4.54 \pm 0.13 \cm\\
    \sigma_3 &=& 6.61 \pm 0.08 \cm\\
    c &=& 827.0 \pm 21.6 \cm
\end{eqnarray}

\begin{eqnarray}
    A_1 &=& 670.560 \cm \nonumber \\
    A_2 &=& 7945.116 \cm \nonumber \\
    A_3 &=& 21612.578 \cm \nonumber \\
    \mu_1 &=& 22.438 \cm \nonumber \\
    \mu_2 &=& 45.242 \cm \nonumber \\
    \mu_3 &=& 95.744 \cm \nonumber \\
    \sigma_1 &=& -0.448 \cm \nonumber \\
    \sigma_2 &=& 4.543 \cm \nonumber \\
    \sigma_3 &=& 6.608 \cm \nonumber \\
    c &=& 826.990 \cm \nonumber \\
    \mathrm{cov}(p_i, p_j) &=& 
    \begin{pmatrix}
        293967.421 &-413.343 &19.652 &28.930 &-0.208 &0.003 &182.883 &0.100 &-0.139 &183.638 \\
        -413.343 &83707.389 &-584.869 &0.261 &-0.378 &-0.170 &-1.740 &-21.749 &0.325 &-119.337 \\
        19.652 &-584.869 &143132.215 &0.002 &0.452 &0.261 &0.087 &0.509 &-18.368 &27.707 \\
        28.930 &0.261 &0.002 &0.153 &0.000 &-0.000 &0.028 &-0.000 &-0.000 &0.150 \\
        -0.208 &-0.378 &0.452 &0.000 &0.044 &0.000 &-0.001 &0.000 &-0.000 &0.004 \\
        0.003 &-0.170 &0.261 &-0.000 &0.000 &0.019 &0.000 &0.000 &-0.000 &0.001 \\
        182.883 &-1.740 &0.087 &0.028 &-0.001 &0.000 &0.184 &0.000 &-0.001 &0.859 \\
        0.100 &-21.749 &0.509 &-0.000 &0.000 &0.000 &0.000 &0.016 &0.000 &-0.544 \\
        -0.139 &0.325 &-18.368 &-0.000 &-0.000 &-0.000 &-0.001 &0.000 &0.007 &-0.346 \\
        183.638 &-119.337 &27.707 &0.150 &0.004 &0.001 &0.859 &-0.544 &-0.346 &467.764 \\
    \end{pmatrix}
\\ \Rightarrow \qquad
    A_1 &=& \left(6.7 \pm 5.4\right) \times 10^{2} \cm\\
    A_2 &=& \left(7.95 \pm 0.29\right) \times 10^{3} \cm\\
    A_3 &=& \left(2.16 \pm 0.04\right) \times 10^{4} \cm\\
    \mu_1 &=& 22.4 \pm 0.4 \cm\\
    \mu_2 &=& 45.24 \pm 0.21 \cm\\
    \mu_3 &=& 95.74 \pm 0.14 \cm\\
    \sigma_1 &=& -0.4 \pm 0.4 \cm\\
    \sigma_2 &=& 4.54 \pm 0.13 \cm\\
    \sigma_3 &=& 6.61 \pm 0.08 \cm\\
    c &=& 827.0 \pm 21.6 \cm
\end{eqnarray}

