
\begin{eqnarray}
    A_1 &=& 358.392 \cm \nonumber \\
    A_2 &=& 571.755 \cm \nonumber \\
    A_3 &=& 1105.060 \cm \nonumber \\
    A_4 &=& 5552.681 \cm \nonumber \\
    A_5 &=& 25551.717 \cm \nonumber \\
    \mu_1 &=& 18.151 \cm \nonumber \\
    \mu_2 &=& 61.559 \cm \nonumber \\
    \mu_3 &=& 115.829 \cm \nonumber \\
    \mu_4 &=& 137.991 \cm \nonumber \\
    \mu_5 &=& 193.759 \cm \nonumber \\
    \sigma_1 &=& 1.723 \cm \nonumber \\
    \sigma_2 &=& 22.804 \cm \nonumber \\
    \sigma_3 &=& 4.001 \cm \nonumber \\
    \sigma_4 &=& 12.756 \cm \nonumber \\
    \sigma_5 &=& 8.334 \cm \nonumber \\
    c &=& 124.612 \cm \nonumber \\
    \mathrm{cov}(p_i, p_j) &=& 
    \begin{pmatrix}
        14246.0 &48.6 &-285.5 &159.0 &7.3 &-2.2 &13.0 &-0.5 &-1.5 &0.0 &-35.1 &-27.2 &-0.7 &0.9 &-0.0 &26.7 \\
        48.6 &1346.9 &673.0 &446.5 &-26.3 &-1.5 &-9.5 &-0.7 &1.4 &-0.0 &0.8 &-26.9 &3.0 &-1.2 &0.2 &-243.2 \\
        -285.5 &673.0 &79641.9 &-12911.5 &823.7 &6.7 &587.9 &51.1 &178.2 &-3.5 &-4.7 &334.8 &112.3 &-88.5 &1.8 &-173.2 \\
        159.0 &446.5 &-12911.5 &20593.7 &-478.5 &-1.8 &-98.5 &-72.3 &-54.0 &-1.7 &2.4 &-68.5 &-62.3 &-6.1 &1.1 &-169.3 \\
        7.3 &-26.3 &823.7 &-478.5 &91725.2 &-0.1 &-12.6 &8.0 &14.6 &1.4 &0.1 &-7.6 &3.5 &6.9 &-14.0 &14.4 \\
        -2.2 &-1.5 &6.7 &-1.8 &-0.1 &0.7 &0.2 &0.0 &0.0 &-0.0 &0.0 &0.2 &0.0 &-0.0 &0.0 &0.1 \\
        13.0 &-9.5 &587.9 &-98.5 &-12.6 &0.2 &17.2 &0.5 &2.3 &-0.1 &0.1 &8.3 &1.9 &-1.6 &0.1 &-1.7 \\
        -0.5 &-0.7 &51.1 &-72.3 &8.0 &0.0 &0.5 &1.4 &0.3 &0.0 &-0.0 &0.3 &0.4 &0.0 &-0.0 &-0.1 \\
        -1.5 &1.4 &178.2 &-54.0 &14.6 &0.0 &2.3 &0.3 &0.8 &0.0 &-0.0 &1.4 &0.7 &-0.3 &-0.0 &-0.9 \\
        0.0 &-0.0 &-3.5 &-1.7 &1.4 &-0.0 &-0.1 &0.0 &0.0 &0.0 &0.0 &-0.1 &-0.0 &0.0 &-0.0 &-0.0 \\
        -35.1 &0.8 &-4.7 &2.4 &0.1 &0.0 &0.1 &-0.0 &-0.0 &0.0 &0.4 &-0.4 &-0.0 &0.0 &-0.0 &0.2 \\
        -27.2 &-26.9 &334.8 &-68.5 &-7.6 &0.2 &8.3 &0.3 &1.4 &-0.1 &-0.4 &8.2 &1.0 &-0.9 &0.0 &-12.4 \\
        -0.7 &3.0 &112.3 &-62.3 &3.5 &0.0 &1.9 &0.4 &0.7 &-0.0 &-0.0 &1.0 &1.3 &-0.3 &0.0 &-0.5 \\
        0.9 &-1.2 &-88.5 &-6.1 &6.9 &-0.0 &-1.6 &0.0 &-0.3 &0.0 &0.0 &-0.9 &-0.3 &0.3 &-0.0 &0.4 \\
        -0.0 &0.2 &1.8 &1.1 &-14.0 &0.0 &0.1 &-0.0 &-0.0 &-0.0 &-0.0 &0.0 &0.0 &-0.0 &0.0 &-0.2 \\
        26.7 &-243.2 &-173.2 &-169.3 &14.4 &0.1 &-1.7 &-0.1 &-0.9 &-0.0 &0.2 &-12.4 &-0.5 &0.4 &-0.2 &272.5 \\
    \end{pmatrix}
\\ \Rightarrow \qquad
    A_1 &=& \left(3.6 \pm 1.2\right) \times 10^{2} \cm\\
    A_2 &=& \left(5.7 \pm 0.4\right) \times 10^{2} \cm\\
    A_3 &=& \left(1.11 \pm 0.28\right) \times 10^{3} \cm\\
    A_4 &=& \left(5.55 \pm 0.14\right) \times 10^{3} \cm\\
    A_5 &=& \left(2.555 \pm 0.030\right) \times 10^{4} \cm\\
    \mu_1 &=& 18.2 \pm 0.8 \cm\\
    \mu_2 &=& 61.6 \pm 4.1 \cm\\
    \mu_3 &=& 115.8 \pm 1.2 \cm\\
    \mu_4 &=& 138.0 \pm 0.9 \cm\\
    \mu_5 &=& 193.76 \pm 0.13 \cm\\
    \sigma_1 &=& 1.7 \pm 0.6 \cm\\
    \sigma_2 &=& 22.8 \pm 2.9 \cm\\
    \sigma_3 &=& 4.0 \pm 1.1 \cm\\
    \sigma_4 &=& 12.8 \pm 0.5 \cm\\
    \sigma_5 &=& 8.33 \pm 0.08 \cm\\
    c &=& 124.6 \pm 16.5 \cm
\end{eqnarray}

\begin{eqnarray}
    A_1 &=& 358.392 \cm \nonumber \\
    A_2 &=& 571.755 \cm \nonumber \\
    A_3 &=& 1105.060 \cm \nonumber \\
    A_4 &=& 5552.681 \cm \nonumber \\
    A_5 &=& 25551.717 \cm \nonumber \\
    \mu_1 &=& 18.151 \cm \nonumber \\
    \mu_2 &=& 61.559 \cm \nonumber \\
    \mu_3 &=& 115.829 \cm \nonumber \\
    \mu_4 &=& 137.991 \cm \nonumber \\
    \mu_5 &=& 193.759 \cm \nonumber \\
    \sigma_1 &=& 1.723 \cm \nonumber \\
    \sigma_2 &=& 22.804 \cm \nonumber \\
    \sigma_3 &=& 4.001 \cm \nonumber \\
    \sigma_4 &=& 12.756 \cm \nonumber \\
    \sigma_5 &=& 8.334 \cm \nonumber \\
    c &=& 124.612 \cm \nonumber \\
    \mathrm{cov}(p_i, p_j) &=& 
    \begin{pmatrix}
        14246.0 &48.6 &-285.5 &159.0 &7.3 &-2.2 &13.0 &-0.5 &-1.5 &0.0 &-35.1 &-27.2 &-0.7 &0.9 &-0.0 &26.7 \\
        48.6 &1346.9 &673.0 &446.5 &-26.3 &-1.5 &-9.5 &-0.7 &1.4 &-0.0 &0.8 &-26.9 &3.0 &-1.2 &0.2 &-243.2 \\
        -285.5 &673.0 &79641.9 &-12911.5 &823.7 &6.7 &587.9 &51.1 &178.2 &-3.5 &-4.7 &334.8 &112.3 &-88.5 &1.8 &-173.2 \\
        159.0 &446.5 &-12911.5 &20593.7 &-478.5 &-1.8 &-98.5 &-72.3 &-54.0 &-1.7 &2.4 &-68.5 &-62.3 &-6.1 &1.1 &-169.3 \\
        7.3 &-26.3 &823.7 &-478.5 &91725.2 &-0.1 &-12.6 &8.0 &14.6 &1.4 &0.1 &-7.6 &3.5 &6.9 &-14.0 &14.4 \\
        -2.2 &-1.5 &6.7 &-1.8 &-0.1 &0.7 &0.2 &0.0 &0.0 &-0.0 &0.0 &0.2 &0.0 &-0.0 &0.0 &0.1 \\
        13.0 &-9.5 &587.9 &-98.5 &-12.6 &0.2 &17.2 &0.5 &2.3 &-0.1 &0.1 &8.3 &1.9 &-1.6 &0.1 &-1.7 \\
        -0.5 &-0.7 &51.1 &-72.3 &8.0 &0.0 &0.5 &1.4 &0.3 &0.0 &-0.0 &0.3 &0.4 &0.0 &-0.0 &-0.1 \\
        -1.5 &1.4 &178.2 &-54.0 &14.6 &0.0 &2.3 &0.3 &0.8 &0.0 &-0.0 &1.4 &0.7 &-0.3 &-0.0 &-0.9 \\
        0.0 &-0.0 &-3.5 &-1.7 &1.4 &-0.0 &-0.1 &0.0 &0.0 &0.0 &0.0 &-0.1 &-0.0 &0.0 &-0.0 &-0.0 \\
        -35.1 &0.8 &-4.7 &2.4 &0.1 &0.0 &0.1 &-0.0 &-0.0 &0.0 &0.4 &-0.4 &-0.0 &0.0 &-0.0 &0.2 \\
        -27.2 &-26.9 &334.8 &-68.5 &-7.6 &0.2 &8.3 &0.3 &1.4 &-0.1 &-0.4 &8.2 &1.0 &-0.9 &0.0 &-12.4 \\
        -0.7 &3.0 &112.3 &-62.3 &3.5 &0.0 &1.9 &0.4 &0.7 &-0.0 &-0.0 &1.0 &1.3 &-0.3 &0.0 &-0.5 \\
        0.9 &-1.2 &-88.5 &-6.1 &6.9 &-0.0 &-1.6 &0.0 &-0.3 &0.0 &0.0 &-0.9 &-0.3 &0.3 &-0.0 &0.4 \\
        -0.0 &0.2 &1.8 &1.1 &-14.0 &0.0 &0.1 &-0.0 &-0.0 &-0.0 &-0.0 &0.0 &0.0 &-0.0 &0.0 &-0.2 \\
        26.7 &-243.2 &-173.2 &-169.3 &14.4 &0.1 &-1.7 &-0.1 &-0.9 &-0.0 &0.2 &-12.4 &-0.5 &0.4 &-0.2 &272.5 \\
    \end{pmatrix}
\\ \Rightarrow \qquad
    A_1 &=& \left(3.6 \pm 1.2\right) \times 10^{2} \cm\\
    A_2 &=& \left(5.7 \pm 0.4\right) \times 10^{2} \cm\\
    A_3 &=& \left(1.11 \pm 0.28\right) \times 10^{3} \cm\\
    A_4 &=& \left(5.55 \pm 0.14\right) \times 10^{3} \cm\\
    A_5 &=& \left(2.555 \pm 0.030\right) \times 10^{4} \cm\\
    \mu_1 &=& 18.2 \pm 0.8 \cm\\
    \mu_2 &=& 61.6 \pm 4.1 \cm\\
    \mu_3 &=& 115.8 \pm 1.2 \cm\\
    \mu_4 &=& 138.0 \pm 0.9 \cm\\
    \mu_5 &=& 193.76 \pm 0.13 \cm\\
    \sigma_1 &=& 1.7 \pm 0.6 \cm\\
    \sigma_2 &=& 22.8 \pm 2.9 \cm\\
    \sigma_3 &=& 4.0 \pm 1.1 \cm\\
    \sigma_4 &=& 12.8 \pm 0.5 \cm\\
    \sigma_5 &=& 8.33 \pm 0.08 \cm\\
    c &=& 124.6 \pm 16.5 \cm
\end{eqnarray}

\begin{eqnarray}
    A_1 &=& 358.392 \cm \nonumber \\
    A_2 &=& 571.755 \cm \nonumber \\
    A_3 &=& 1105.060 \cm \nonumber \\
    A_4 &=& 5552.681 \cm \nonumber \\
    A_5 &=& 25551.717 \cm \nonumber \\
    \mu_1 &=& 18.151 \cm \nonumber \\
    \mu_2 &=& 61.559 \cm \nonumber \\
    \mu_3 &=& 115.829 \cm \nonumber \\
    \mu_4 &=& 137.991 \cm \nonumber \\
    \mu_5 &=& 193.759 \cm \nonumber \\
    \sigma_1 &=& 1.723 \cm \nonumber \\
    \sigma_2 &=& 22.804 \cm \nonumber \\
    \sigma_3 &=& 4.001 \cm \nonumber \\
    \sigma_4 &=& 12.756 \cm \nonumber \\
    \sigma_5 &=& 8.334 \cm \nonumber \\
    c &=& 124.612 \cm \nonumber \\
    \mathrm{cov}(p_i, p_j) &=& 
    \begin{pmatrix}
        14246.034 &48.643 &-285.534 &159.036 &7.268 &-2.165 &13.009 &-0.514 &-1.545 &0.048 &-35.124 &-27.163 &-0.713 &0.945 &-0.049 &26.702 \\
        48.643 &1346.923 &673.029 &446.469 &-26.311 &-1.475 &-9.531 &-0.694 &1.372 &-0.030 &0.832 &-26.892 &3.010 &-1.193 &0.222 &-243.197 \\
        -285.534 &673.029 &79641.855 &-12911.517 &823.739 &6.720 &587.933 &51.055 &178.177 &-3.520 &-4.747 &334.829 &112.299 &-88.505 &1.849 &-173.180 \\
        159.036 &446.469 &-12911.517 &20593.702 &-478.512 &-1.763 &-98.547 &-72.274 &-54.011 &-1.697 &2.373 &-68.540 &-62.295 &-6.115 &1.139 &-169.338 \\
        7.268 &-26.311 &823.739 &-478.512 &91725.214 &-0.135 &-12.575 &7.968 &14.625 &1.370 &0.112 &-7.568 &3.487 &6.936 &-14.001 &14.357 \\
        -2.165 &-1.475 &6.720 &-1.763 &-0.135 &0.718 &0.204 &0.007 &0.027 &-0.001 &0.025 &0.157 &0.020 &-0.019 &0.001 &0.142 \\
        13.009 &-9.531 &587.933 &-98.547 &-12.575 &0.204 &17.207 &0.462 &2.253 &-0.099 &0.139 &8.272 &1.881 &-1.574 &0.057 &-1.675 \\
        -0.514 &-0.694 &51.055 &-72.274 &7.968 &0.007 &0.462 &1.435 &0.266 &0.015 &-0.008 &0.316 &0.433 &0.050 &-0.009 &-0.107 \\
        -1.545 &1.372 &178.177 &-54.011 &14.625 &0.027 &2.253 &0.266 &0.804 &0.003 &-0.024 &1.364 &0.706 &-0.269 &-0.004 &-0.882 \\
        0.048 &-0.030 &-3.520 &-1.697 &1.370 &-0.001 &-0.099 &0.015 &0.003 &0.016 &0.001 &-0.054 &-0.012 &0.024 &-0.002 &-0.045 \\
        -35.124 &0.832 &-4.747 &2.373 &0.112 &0.025 &0.139 &-0.008 &-0.024 &0.001 &0.381 &-0.369 &-0.013 &0.015 &-0.001 &0.226 \\
        -27.163 &-26.892 &334.829 &-68.540 &-7.568 &0.157 &8.272 &0.316 &1.364 &-0.054 &-0.369 &8.221 &1.031 &-0.925 &0.041 &-12.396 \\
        -0.713 &3.010 &112.299 &-62.295 &3.487 &0.020 &1.881 &0.433 &0.706 &-0.012 &-0.013 &1.031 &1.260 &-0.325 &0.006 &-0.516 \\
        0.945 &-1.193 &-88.505 &-6.115 &6.936 &-0.019 &-1.574 &0.050 &-0.269 &0.024 &0.015 &-0.925 &-0.325 &0.286 &-0.015 &0.421 \\
        -0.049 &0.222 &1.849 &1.139 &-14.001 &0.001 &0.057 &-0.009 &-0.004 &-0.002 &-0.001 &0.041 &0.006 &-0.015 &0.006 &-0.204 \\
        26.702 &-243.197 &-173.180 &-169.338 &14.357 &0.142 &-1.675 &-0.107 &-0.882 &-0.045 &0.226 &-12.396 &-0.516 &0.421 &-0.204 &272.527 \\
    \end{pmatrix}
\\ \Rightarrow \qquad
    A_1 &=& \left(3.6 \pm 1.2\right) \times 10^{2} \cm\\
    A_2 &=& \left(5.7 \pm 0.4\right) \times 10^{2} \cm\\
    A_3 &=& \left(1.11 \pm 0.28\right) \times 10^{3} \cm\\
    A_4 &=& \left(5.55 \pm 0.14\right) \times 10^{3} \cm\\
    A_5 &=& \left(2.555 \pm 0.030\right) \times 10^{4} \cm\\
    \mu_1 &=& 18.2 \pm 0.8 \cm\\
    \mu_2 &=& 61.6 \pm 4.1 \cm\\
    \mu_3 &=& 115.8 \pm 1.2 \cm\\
    \mu_4 &=& 138.0 \pm 0.9 \cm\\
    \mu_5 &=& 193.76 \pm 0.13 \cm\\
    \sigma_1 &=& 1.7 \pm 0.6 \cm\\
    \sigma_2 &=& 22.8 \pm 2.9 \cm\\
    \sigma_3 &=& 4.0 \pm 1.1 \cm\\
    \sigma_4 &=& 12.8 \pm 0.5 \cm\\
    \sigma_5 &=& 8.33 \pm 0.08 \cm\\
    c &=& 124.6 \pm 16.5 \cm
\end{eqnarray}

